ID,Name,Address,Date,Age,Location,Job,Salary
0,Dillon,Earth,1/1/1970,26,America,Programmer,50000
1,Dillon,Earth,1/1/1970,26,America,Programmer,50000
2,Dillon,Earth,1/1/1970,26,America,Programmer,50000
3,Dillon,Earth,1/1/1970,26,America,Programmer,50000
4,Dillon,Earth,1/1/1970,26,America,Programmer,50000
5,Dillon,Earth,1/1/1970,26,America,Programmer,50000
6,Dillon,Earth,1/1/1970,26,America,Programmer,50000
7,Dillon,Earth,1/1/1970,26,America,Programmer,50000
8,Dillon,Earth,1/1/1970,26,America,Programmer,50000
9,Not Dillon,Earth,1/1/1970,26,America,Programmer,50000
